0.01 2.06
0.02 2.1188
0.03 2.176424
0.04 2.23289552
0.05 2.2882376096
0.06 2.34247285741
0.07 2.39562340026
0.08 2.44771093225
0.09 2.49875671361
0.1 2.54878157934
0.11 2.59780594775
0.12 2.6458498288
0.13 2.69293283222
0.14 2.73907417558
0.15 2.78429269206
0.16 2.82860683822
0.17 2.87203470146
0.18 2.91459400743
0.19 2.95630212728
0.2 2.99717608473
0.21 3.03723256304
0.22 3.07648791178
0.23 3.11495815354
0.24 3.15265899047
0.25 3.18960581066
0.26 3.22581369445
0.27 3.26129742056
0.28 3.29607147215
0.29 3.33015004271
0.3 3.36354704185
0.31 3.39627610102
0.32 3.428350579
0.33 3.45978356742
0.34 3.49058789607
0.35 3.52077613815
0.36 3.55036061538
0.37 3.57935340308
0.38 3.60776633501
0.39 3.63561100831
0.4 3.66289878815
0.41 3.68964081238
0.42 3.71584799614
0.43 3.74153103621
0.44 3.76670041549
0.45 3.79136640718
0.46 3.81553907904
0.47 3.83922829746
0.48 3.86244373151
0.49 3.88519485688
0.5 3.90749095974
0.51 3.92934114054
0.52 3.95075431773
0.53 3.97173923138
0.54 3.99230444675
0.55 4.01245835782
0.56 4.03220919066
0.57 4.05156500685
0.58 4.07053370671
0.59 4.08912303258
0.6 4.10734057192
0.61 4.12519376049
0.62 4.14268988528
0.63 4.15983608757
0.64 4.17663936582
0.65 4.1931065785
0.66 4.20924444693
0.67 4.22505955799
0.68 4.24055836683
0.69 4.2557471995
0.7 4.27063225551
0.71 4.2852196104
0.72 4.29951521819
0.73 4.31352491383
0.74 4.32725441555
0.75 4.34070932724
0.76 4.35389514069
0.77 4.36681723788
0.78 4.37948089312
0.79 4.39189127526
0.8 4.40405344975
0.81 4.41597238076
0.82 4.42765293314
0.83 4.43909987448
0.84 4.45031787699
0.85 4.46131151945
0.86 4.47208528906
0.87 4.48264358328
0.88 4.49299071162
0.89 4.50313089738
0.9 4.51306827944
0.91 4.52280691385
0.92 4.53235077557
0.93 4.54170376006
0.94 4.55086968486
0.95 4.55985229116
0.96 4.56865524534
0.97 4.57728214043
0.98 4.58573649762
0.99 4.59402176767
1.0 4.60214133232
1.01 4.61009850567
1.02 4.61789653556
1.03 4.62553860484
1.04 4.63302783275
1.05 4.64036727609
1.06 4.64755993057
1.07 4.65460873196
1.08 4.66151655732
1.09 4.66828622617
1.1 4.67492050165
1.11 4.68142209162
1.12 4.68779364979
1.13 4.69403777679
1.14 4.70015702125
1.15 4.70615388083
1.16 4.71203080321
1.17 4.71779018715
1.18 4.7234343834
1.19 4.72896569574
1.2 4.73438638182
1.21 4.73969865419
1.22 4.7449046811
1.23 4.75000658748
1.24 4.75500645573
1.25 4.75990632662
1.26 4.76470820008
1.27 4.76941403608
1.28 4.77402575536
1.29 4.77854524025
1.3 4.78297433545
1.31 4.78731484874
1.32 4.79156855176
1.33 4.79573718073
1.34 4.79982243711
1.35 4.80382598837
1.36 4.8077494686
1.37 4.81159447923
1.38 4.81536258965
1.39 4.81905533785
1.4 4.8226742311
1.41 4.82622074648
1.42 4.82969633155
1.43 4.83310240492
1.44 4.83644035682
1.45 4.83971154968
1.46 4.84291731869
1.47 4.84605897231
1.48 4.84913779287
1.49 4.85215503701
1.5 4.85511193627
1.51 4.85800969754
1.52 4.86084950359
1.53 4.86363251352
1.54 4.86635986325
1.55 4.86903266599
1.56 4.87165201267
1.57 4.87421897241
1.58 4.87673459296
1.59 4.87919990111
1.6 4.88161590308
1.61 4.88398358502
1.62 4.88630391332
1.63 4.88857783505
1.64 4.89080627835
1.65 4.89299015279
1.66 4.89513034973
1.67 4.89722774274
1.68 4.89928318788
1.69 4.90129752412
1.7 4.90327157364
1.71 4.90520614217
1.72 4.90710201933
1.73 4.90895997894
1.74 4.91078077936
1.75 4.91256516377
1.76 4.9143138605
1.77 4.91602758329
1.78 4.91770703162
1.79 4.91935289099
1.8 4.92096583317
1.81 4.92254651651
1.82 4.92409558618
1.83 4.92561367445
1.84 4.92710140096
1.85 4.92855937294
1.86 4.92998818549
1.87 4.93138842178
1.88 4.93276065334
1.89 4.93410544027
1.9 4.93542333147
1.91 4.93671486484
1.92 4.93798056754
1.93 4.93922095619
1.94 4.94043653707
1.95 4.94162780633
1.96 4.9427952502
1.97 4.9439393452
1.98 4.94506055829
1.99 4.94615934713
2.0 4.94723616018
2.01 4.94829143698
2.02 4.94932560824
2.03 4.95033909607
2.04 4.95133231415
2.05 4.95230566787
2.06 4.95325955451
2.07 4.95419436342
2.08 4.95511047615
2.09 4.95600826663
2.1 4.9568881013
2.11 4.95775033927
2.12 4.95859533249
2.13 4.95942342584
2.14 4.96023495732
2.15 4.96103025817
2.16 4.96180965301
2.17 4.96257345995
2.18 4.96332199075
2.19 4.96405555094
2.2 4.96477443992
2.21 4.96547895112
2.22 4.9661693721
2.23 4.96684598465
2.24 4.96750906496
2.25 4.96815888366
2.26 4.96879570599
2.27 4.96941979187
2.28 4.97003139603
2.29 4.97063076811
2.3 4.97121815275
2.31 4.97179378969
2.32 4.9723579139
2.33 4.97291075562
2.34 4.97345254051
2.35 4.9739834897
2.36 4.97450381991
2.37 4.97501374351
2.38 4.97551346864
2.39 4.97600319926
2.4 4.97648313528
2.41 4.97695347257
2.42 4.97741440312
2.43 4.97786611506
2.44 4.97830879276
2.45 4.9787426169
2.46 4.97916776457
2.47 4.97958440927
2.48 4.97999272109
2.49 4.98039286667
2.5 4.98078500933
2.51 4.98116930915
2.52 4.98154592296
2.53 4.9819150045
2.54 4.98227670441
2.55 4.98263117033
2.56 4.98297854692
2.57 4.98331897598
2.58 4.98365259646
2.59 4.98397954453
2.6 4.98429995364
2.61 4.98461395457
2.62 4.98492167548
2.63 4.98522324197
2.64 4.98551877713
2.65 4.98580840159
2.66 4.98609223355
2.67 4.98637038888
2.68 4.98664298111
2.69 4.98691012148
2.7 4.98717191905
2.71 4.98742848067
2.72 4.98767991106
2.73 4.98792631284
2.74 4.98816778658
2.75 4.98840443085
2.76 4.98863634223
2.77 4.98886361539
2.78 4.98908634308
2.79 4.98930461622
2.8 4.98951852389
2.81 4.98972815342
2.82 4.98993359035
2.83 4.99013491854
2.84 4.99033222017
2.85 4.99052557577
2.86 4.99071506425
2.87 4.99090076297
2.88 4.99108274771
2.89 4.99126109275
2.9 4.9914358709
2.91 4.99160715348
2.92 4.99177501041
2.93 4.9919395102
2.94 4.99210072
2.95 4.9922587056
2.96 4.99241353149
2.97 4.99256526086
2.98 4.99271395564
2.99 4.99285967653
3.0 4.993002483
3.01 4.99314243334
3.02 4.99327958467
3.03 4.99341399298
3.04 4.99354571312
3.05 4.99367479885
3.06 4.99380130288
3.07 4.99392527682
3.08 4.99404677128
3.09 4.99416583586
3.1 4.99428251914
3.11 4.99439686876
3.12 4.99450893138
3.13 4.99461875275
3.14 4.9947263777
3.15 4.99483185015
3.16 4.99493521314
3.17 4.99503650888
3.18 4.9951357787
3.19 4.99523306313
3.2 4.99532840187
3.21 4.99542183383
3.22 4.99551339715
3.23 4.99560312921
3.24 4.99569106662
3.25 4.99577724529
3.26 4.99586170039
3.27 4.99594446638
3.28 4.99602557705
3.29 4.99610506551
3.3 4.9961829642
3.31 4.99625930492
3.32 4.99633411882
3.33 4.99640743644
3.34 4.99647928771
3.35 4.99654970196
3.36 4.99661870792
3.37 4.99668633376
3.38 4.99675260709
3.39 4.99681755494
3.4 4.99688120384
3.41 4.99694357977
3.42 4.99700470817
3.43 4.99706461401
3.44 4.99712332173
3.45 4.99718085529
3.46 4.99723723819
3.47 4.99729249342
3.48 4.99734664356
3.49 4.99739971069
3.5 4.99745171647
3.51 4.99750268214
3.52 4.9975526285
3.53 4.99760157593
3.54 4.99764954441
3.55 4.99769655352
3.56 4.99774262245
3.57 4.99778777
3.58 4.9978320146
3.59 4.99787537431
3.6 4.99791786682
3.61 4.99795950949
3.62 4.9980003193
3.63 4.99804031291
3.64 4.99807950665
3.65 4.99811791652
3.66 4.99815555819
3.67 4.99819244703
3.68 4.99822859809
3.69 4.99826402612
3.7 4.9982987456
3.71 4.99833277069
3.72 4.99836611528
3.73 4.99839879297
3.74 4.99843081711
3.75 4.99846220077
3.76 4.99849295675
3.77 4.99852309762
3.78 4.99855263567
3.79 4.99858158295
3.8 4.99860995129
3.81 4.99863775227
3.82 4.99866499722
3.83 4.99869169728
3.84 4.99871786333
3.85 4.99874350607
3.86 4.99876863594
3.87 4.99879326323
3.88 4.99881739796
3.89 4.99884105
3.9 4.998864229
3.91 4.99888694442
3.92 4.99890920553
3.93 4.99893102142
3.94 4.99895240099
3.95 4.99897335297
3.96 4.99899388591
3.97 4.9990140082
3.98 4.99903372803
3.99 4.99905305347
4.0 4.9990719924
4.01 4.99909055255
4.02 4.9991087415
4.03 4.99912656667
4.04 4.99914403534
4.05 4.99916115463
4.06 4.99917793154
4.07 4.99919437291
4.08 4.99921048545
4.09 4.99922627574
4.1 4.99924175023
4.11 4.99925691522
4.12 4.99927177692
4.13 4.99928634138
4.14 4.99930061455
4.15 4.99931460226
4.16 4.99932831022
4.17 4.99934174401
4.18 4.99935490913
4.19 4.99936781095
4.2 4.99938045473
4.21 4.99939284564
4.22 4.99940498872
4.23 4.99941688895
4.24 4.99942855117
4.25 4.99943998015
4.26 4.99945118054
4.27 4.99946215693
4.28 4.99947291379
4.29 4.99948345552
4.3 4.99949378641
4.31 4.99950391068
4.32 4.99951383247
4.33 4.99952355582
4.34 4.9995330847
4.35 4.99954242301
4.36 4.99955157455
4.37 4.99956054305
4.38 4.99956933219
4.39 4.99957794555
4.4 4.99958638664
4.41 4.99959465891
4.42 4.99960276573
4.43 4.99961071041
4.44 4.99961849621
4.45 4.99962612628
4.46 4.99963360376
4.47 4.99964093168
4.48 4.99964811305
4.49 4.99965515079
4.5 4.99966204777
4.51 4.99966880681
4.52 4.99967543068
4.53 4.99968192206
4.54 4.99968828362
4.55 4.99969451795
4.56 4.99970062759
4.57 4.99970661504
4.58 4.99971248274
4.59 4.99971823308
4.6 4.99972386842
4.61 4.99972939105
4.62 4.99973480323
4.63 4.99974010717
4.64 4.99974530503
4.65 4.99975039892
4.66 4.99975539095
4.67 4.99976028313
4.68 4.99976507746
4.69 4.99976977592
4.7 4.9997743804
4.71 4.99977889279
4.72 4.99978331493
4.73 4.99978764863
4.74 4.99979189566
4.75 4.99979605775
4.76 4.99980013659
4.77 4.99980413386
4.78 4.99980805118
4.79 4.99981189016
4.8 4.99981565236
4.81 4.99981933931
4.82 4.99982295252
4.83 4.99982649347
4.84 4.9998299636
4.85 4.99983336433
4.86 4.99983669705
4.87 4.9998399631
4.88 4.99984316384
4.89 4.99984630057
4.9 4.99984937455
4.91 4.99985238706
4.92 4.99985533932
4.93 4.99985823254
4.94 4.99986106789
4.95 4.99986384653
4.96 4.9998665696
4.97 4.9998692382
4.98 4.99987185344
4.99 4.99987441637
